5

张小三 3018216996 6
高等数学 6.0 30 1
大学物理 4.0 99 1
数据结构 4.0 70 1
计算机组成原理 3.0 46 1
体育 1.0 77 1
说文解字 2.0 91 0

赵小四 3018216998 7
高等数学 6.0 66 1
大学物理 4.0 74 1
数据结构 4.0 69 1
计算机组成原理 3.0 77 1
体育 1.0 69 1
传统文化撷英 2.0 85 0
运筹学 3.0 81 0

李小五 3018216997 6
高等数学 6.0 92 1
大学物理 4.0 89 1
数据结构 4.0 76 1
计算机组成原理 3.0 62 1
体育 1.0 83 1
西方社会学 3.0 70 0

王小六 3018216999 6
高等数学 6.0 65 1
大学物理 4.0 88 1
数据结构 4.0 72 1
计算机组成原理 3.0 81 1
体育 1.0 93 1
西方社会学 3.0 97 0

刘小七 3018216995 7
高等数学 6.0 69 1
大学物理 4.0 72 1
数据结构 4.0 84 1
计算机组成原理 3.0 87 1
体育 1.0 81 1
西方社会学 3.0 77 0
传统文化撷英 2.0 98 0